%  columns="iteration, evaluation, sigma, axis ratio, bestever, best, median, worst fitness function value, further objective values of best" (startseed=208979, 2021/03/4 9:50:2.79)
1 11 1.479096e+00 1.117565e+00  4.778096962756286530e+02  4.778096962756286530e+02  6.814212957676369342e+02  8.127984788092438748e+02 2.000000
2 21 1.503688e+00 1.188505e+00  4.778096962756286530e+02  4.962182693385453831e+02  5.743516152066879386e+02  6.779803004997992275e+02 2.000000
3 31 1.640809e+00 1.315967e+00  3.855389672012581741e+02  3.855389672012581741e+02  5.122988594978760375e+02  7.239648920911120058e+02 2.000000
4 41 1.808997e+00 1.453997e+00  3.709795494553676463e+02  3.709795494553676463e+02  4.264470588829834128e+02  5.453324506598698918e+02 2.000000
5 51 1.949582e+00 1.556315e+00  2.689864609978253611e+02  2.689864609978253611e+02  4.052297045918744516e+02  5.530324629592698784e+02 2.000000
6 61 2.064699e+00 1.616188e+00  2.381230047390203026e+02  2.381230047390203026e+02  3.121870665652953676e+02  5.793539535601870512e+02 2.000000
7 71 2.243446e+00 1.690094e+00  1.882736786068784909e+02  1.882736786068784909e+02  2.509721029808561354e+02  4.679445210156593475e+02 2.000000
8 81 2.272999e+00 1.714536e+00  1.437715406506859495e+02  1.437715406506859495e+02  2.568807995984923878e+02  4.204462508496924897e+02 2.000000
9 91 2.301747e+00 1.745085e+00  1.437715406506859495e+02  1.721916927047427066e+02  2.335180380830891522e+02  3.437570401404757945e+02 2.000000
10 101 2.166883e+00 1.794573e+00  1.437715406506859495e+02  1.566106681918697348e+02  2.201848767752113645e+02  3.508898348576722128e+02 2.000000
11 111 2.194310e+00 1.864003e+00  9.989629049983673781e+01  9.989629049983673781e+01  1.870450180184748206e+02  3.724739056169071318e+02 2.000000
12 121 2.120611e+00 1.883693e+00  9.989629049983673781e+01  1.547806920902513923e+02  2.218108424000590730e+02  2.519460442918473575e+02 2.000000
13 131 2.033563e+00 1.875463e+00  9.989629049983673781e+01  1.694452484862944459e+02  2.354391912785160628e+02  3.621929637061776361e+02 2.000000
14 141 1.888531e+00 1.871422e+00  9.989629049983673781e+01  1.117006142764023622e+02  2.248853779450911361e+02  2.947629071727840824e+02 2.000000
15 151 1.670803e+00 1.870562e+00  9.989629049983673781e+01  1.617595784543829609e+02  2.153054664535681013e+02  3.458917037585722483e+02 2.000000
16 161 1.444884e+00 1.856347e+00  9.989629049983673781e+01  1.156738241207284830e+02  1.822444875563889184e+02  2.224673967696045906e+02 2.000000
17 171 1.292736e+00 1.871145e+00  9.653492606949609467e+01  9.653492606949609467e+01  1.476878916762674407e+02  2.144600142943912715e+02 2.000000
18 181 1.209172e+00 1.853921e+00  9.631709577736052097e+01  9.631709577736052097e+01  1.644062886584442822e+02  2.237140246613492423e+02 2.000000
19 191 1.075745e+00 1.849837e+00  9.631709577736052097e+01  1.214940301055226115e+02  1.595227115255744650e+02  1.938172524722947685e+02 2.000000
20 201 9.798248e-01 1.862113e+00  9.631709577736052097e+01  1.179938891025927461e+02  1.514826388042189933e+02  1.993959083172699991e+02 2.000000
21 211 9.197193e-01 1.861754e+00  8.930186664652029549e+01  8.930186664652029549e+01  1.263290741050427641e+02  2.135207946095536329e+02 2.000000
22 221 8.701229e-01 1.891036e+00  8.930186664652029549e+01  1.086283429668672227e+02  1.237782421773273711e+02  1.623464804561902213e+02 2.000000
23 231 8.456923e-01 1.909311e+00  8.198498109928638655e+01  8.198498109928638655e+01  1.431281257610368982e+02  1.789751984759004131e+02 2.000000
24 241 8.168018e-01 1.935039e+00  8.198498109928638655e+01  1.237352618506471060e+02  1.411800466650886960e+02  1.959511135506787127e+02 2.000000
25 251 7.690658e-01 1.954354e+00  8.198498109928638655e+01  9.768937970713366781e+01  1.399744615367544043e+02  1.914795022982803232e+02 2.000000
26 261 7.110895e-01 1.973914e+00  8.198498109928638655e+01  8.912263634751053587e+01  1.460591521246360003e+02  1.856965964338888853e+02 2.000000
27 271 7.070430e-01 1.986640e+00  8.198498109928638655e+01  1.137130780441319473e+02  1.357051561612996124e+02  1.818196586554639964e+02 2.000000
28 281 6.416404e-01 1.992764e+00  8.198498109928638655e+01  9.330764481613149997e+01  1.233214410682867594e+02  1.809972822842811127e+02 2.000000
29 291 6.068534e-01 1.992738e+00  8.198498109928638655e+01  1.062373976028484321e+02  1.333702558853812548e+02  1.849251759593649069e+02 2.000000
30 301 5.861968e-01 1.983338e+00  8.198498109928638655e+01  1.001828614605138910e+02  1.199599498491094209e+02  1.570196351596895283e+02 2.000000
31 311 5.949512e-01 1.980860e+00  8.198498109928638655e+01  1.146767938203957300e+02  1.391015713191121677e+02  1.821926037584022708e+02 2.000000
32 321 5.584703e-01 1.985778e+00  8.198498109928638655e+01  8.762427620908911763e+01  1.419071770637731333e+02  1.742125317586689732e+02 2.000000
33 331 5.695868e-01 1.990793e+00  8.090256636033400639e+01  8.090256636033400639e+01  1.378159879455056966e+02  1.618136740203562454e+02 2.000000
34 341 5.374176e-01 1.987591e+00  7.461163764985678881e+01  7.461163764985678881e+01  1.204434844590942930e+02  1.705430371699918908e+02 2.000000
35 351 5.357971e-01 1.980775e+00  7.461163764985678881e+01  9.590881147964867637e+01  1.274342953473336451e+02  1.572482912726339350e+02 2.000000
36 361 5.125336e-01 1.984898e+00  7.461163764985678881e+01  1.022179885277267459e+02  1.170222607349355997e+02  1.423624816417064949e+02 2.000000
37 371 5.227329e-01 2.002159e+00  7.461163764985678881e+01  8.611401400421105734e+01  1.276895987509859367e+02  1.651455969805374195e+02 2.000000
38 381 5.080640e-01 1.971773e+00  7.461163764985678881e+01  7.982755869050984643e+01  1.016121097598447420e+02  1.674417769704189141e+02 2.000000
39 391 5.185737e-01 1.958822e+00  7.461163764985678881e+01  9.615293956189597679e+01  1.152519916957344748e+02  1.290620748512757530e+02 2.000000
40 401 5.343836e-01 1.962386e+00  6.281559415491527432e+01  6.281559415491527432e+01  1.061637871455075413e+02  1.429606898353294184e+02 2.000000
41 411 5.615889e-01 1.981669e+00  6.281559415491527432e+01  7.557554607524866697e+01  1.193131730775610606e+02  1.659455088140798296e+02 2.000000
42 421 5.551444e-01 2.005581e+00  6.281559415491527432e+01  6.520051001273083102e+01  1.066795299688303373e+02  1.644212291434184010e+02 2.000000
43 431 5.124716e-01 2.007596e+00  6.281559415491527432e+01  1.061838571962207283e+02  1.210473189804268088e+02  1.440398517628461548e+02 2.000000
44 441 4.957332e-01 2.008400e+00  6.281559415491527432e+01  6.782418909607655166e+01  1.283359143910812747e+02  1.555713767815813071e+02 2.000000
45 451 5.121774e-01 2.076725e+00  6.281559415491527432e+01  8.824242238457969734e+01  1.109259937259561184e+02  1.468445688342206950e+02 2.000000
46 461 5.066867e-01 2.088794e+00  6.281559415491527432e+01  7.218359711897073794e+01  1.285305491485863740e+02  1.551293147011670328e+02 2.000000
47 471 4.864702e-01 2.090395e+00  6.281559415491527432e+01  7.956473164033241119e+01  1.182361033115234079e+02  1.486447820470946795e+02 2.000000
48 481 4.960120e-01 2.118932e+00  6.281559415491527432e+01  9.955935417667947718e+01  1.120618340361818071e+02  1.653979923323740593e+02 2.000000
49 491 5.049707e-01 2.138769e+00  6.281559415491527432e+01  6.835302780412553147e+01  9.673074399225751563e+01  1.364721767040275040e+02 2.000000
50 501 4.891545e-01 2.177002e+00  6.281559415491527432e+01  1.126203795207295286e+02  1.361280930894837411e+02  1.513874436785380624e+02 2.000000
51 511 4.720794e-01 2.190788e+00  6.281559415491527432e+01  7.786706337658466737e+01  1.108800568406768150e+02  1.712438392423041762e+02 2.000000
52 521 4.806020e-01 2.251545e+00  6.281559415491527432e+01  7.847629233079658206e+01  1.211283643180316432e+02  1.447155357575550454e+02 2.000000
53 531 4.765040e-01 2.208174e+00  6.047806470618528607e+01  6.047806470618528607e+01  1.271259597316129373e+02  1.432422470241645271e+02 2.000000
54 541 4.584576e-01 2.224369e+00  6.047806470618528607e+01  1.026480596714524580e+02  1.145582327249891819e+02  1.507015798264319528e+02 2.000000
55 551 4.460899e-01 2.234029e+00  6.047806470618528607e+01  9.387431441905208374e+01  1.407962948046499605e+02  1.541413228692912014e+02 2.000000
56 561 4.722057e-01 2.257888e+00  6.047806470618528607e+01  9.743694334533245183e+01  1.290839497288746713e+02  1.485863183885239209e+02 2.000000
57 571 5.055291e-01 2.305831e+00  6.047806470618528607e+01  7.253015047885638467e+01  1.129723837142317961e+02  1.638621181474807145e+02 2.000000
58 581 5.485365e-01 2.388160e+00  6.047806470618528607e+01  1.089397712712935515e+02  1.251374570420832697e+02  1.637629297213988764e+02 2.000000
59 591 5.493856e-01 2.404052e+00  6.047806470618528607e+01  9.600527353367492367e+01  1.316950794515571204e+02  1.498185154406755544e+02 2.000000
60 601 5.486780e-01 2.358354e+00  6.047806470618528607e+01  8.700056925808858921e+01  1.244787605033326372e+02  1.538730003980540744e+02 2.000000
61 611 5.705213e-01 2.391103e+00  6.047806470618528607e+01  7.846717897304239386e+01  1.117496791771972653e+02  1.540089307718570524e+02 2.000000
62 621 5.618578e-01 2.384497e+00  6.047806470618528607e+01  8.010241792544226769e+01  1.235144106016709600e+02  1.503890972070372811e+02 2.000000
63 631 5.730252e-01 2.411331e+00  6.047806470618528607e+01  8.351058503607829664e+01  1.232383983295197254e+02  1.646172828419549035e+02 2.000000
64 641 5.507897e-01 2.404755e+00  6.047806470618528607e+01  8.385846305953678836e+01  1.156824692596361075e+02  1.652858905759353831e+02 2.000000
65 651 5.526423e-01 2.557476e+00  6.047806470618528607e+01  7.131375013185446221e+01  1.157815416097328551e+02  1.462150309377996678e+02 2.000000
66 661 5.409846e-01 2.676071e+00  6.047806470618528607e+01  1.028746807373006789e+02  1.310387721267732104e+02  1.379412658592397349e+02 2.000000
67 671 5.197181e-01 2.685812e+00  6.047806470618528607e+01  7.466636816411801192e+01  1.196589262209255651e+02  1.691511787581154351e+02 2.000000
68 681 5.453879e-01 2.706477e+00  6.047806470618528607e+01  9.667148173781205855e+01  1.327905636387864092e+02  1.415063118052281084e+02 2.000000
69 691 5.074993e-01 2.710732e+00  6.047806470618528607e+01  8.647180179379597575e+01  1.108224178399379412e+02  1.479196193441487992e+02 2.000000
70 701 5.110574e-01 2.717288e+00  6.047806470618528607e+01  8.124195040439812487e+01  1.187232283043425696e+02  1.556021671456132083e+02 2.000000
71 711 4.469086e-01 2.703515e+00  6.047806470618528607e+01  9.634506704324095949e+01  1.255744401409997550e+02  1.574444193156104461e+02 2.000000
72 721 4.408117e-01 2.640117e+00  6.047806470618528607e+01  6.980391048507019036e+01  1.239048855615044715e+02  1.329869844288375589e+02 2.000000
73 731 4.208937e-01 2.634989e+00  6.047806470618528607e+01  8.998949103736538291e+01  1.163021151275771530e+02  1.567410213236947243e+02 2.000000
74 741 3.854833e-01 2.653963e+00  6.047806470618528607e+01  9.570336658124584517e+01  1.311009835663691092e+02  1.479133243052391720e+02 2.000000
75 751 3.995031e-01 2.713909e+00  6.047806470618528607e+01  7.918737105253944719e+01  1.105096070902094283e+02  1.798215934591882501e+02 2.000000
76 761 3.744356e-01 2.742165e+00  6.047806470618528607e+01  8.318472848611787640e+01  1.470286588018769862e+02  1.682780117522964929e+02 2.000000
77 771 3.747451e-01 2.794004e+00  5.643201770707003107e+01  5.643201770707003107e+01  1.200052224055038153e+02  1.512455344032557889e+02 2.000000
78 781 3.518553e-01 2.814765e+00  5.643201770707003107e+01  9.946701725695602647e+01  1.306713992596385765e+02  1.733609316703071954e+02 2.000000
79 791 3.349669e-01 2.816209e+00  5.643201770707003107e+01  9.117108081682512477e+01  1.253767308086100485e+02  1.526393009448576947e+02 2.000000
80 801 3.119490e-01 2.816770e+00  5.643201770707003107e+01  9.518577432351824541e+01  1.156510567447784297e+02  1.319775125481602913e+02 2.000000
81 811 3.177634e-01 2.955407e+00  5.643201770707003107e+01  7.264961434108869298e+01  1.104405234485702465e+02  1.251689168163108548e+02 2.000000
82 821 3.404267e-01 3.071333e+00  5.643201770707003107e+01  9.641766097480923747e+01  1.206847454362389698e+02  1.312581502814163628e+02 2.000000
83 831 3.210542e-01 3.065254e+00  5.643201770707003107e+01  9.822587490843699243e+01  1.215391078740582742e+02  1.724283093717921247e+02 2.000000
84 841 3.030018e-01 3.118069e+00  5.643201770707003107e+01  9.809320554009181592e+01  1.194691215333319718e+02  1.361086838695925110e+02 2.000000
85 851 3.128014e-01 3.132065e+00  5.643201770707003107e+01  9.167519431655000517e+01  1.293856367010140787e+02  1.744795381571682071e+02 2.000000
86 861 3.119697e-01 3.136085e+00  5.643201770707003107e+01  8.138774399723077124e+01  1.148087355958871854e+02  1.551959015586572264e+02 2.000000
87 871 2.883164e-01 3.119405e+00  5.643201770707003107e+01  8.831511481088821824e+01  1.096092594870508208e+02  1.417441694184905714e+02 2.000000
88 881 2.737979e-01 3.137130e+00  5.643201770707003107e+01  7.090010810231312632e+01  1.257560087410027734e+02  1.516958242720930912e+02 2.000000
89 891 2.732879e-01 3.129060e+00  5.643201770707003107e+01  9.532963638296774889e+01  1.179936942613229007e+02  1.269087325764903227e+02 2.000000
90 901 2.464769e-01 3.100814e+00  5.643201770707003107e+01  7.950493575584400219e+01  1.041008679363424250e+02  1.527826246236983536e+02 2.000000
91 911 2.292957e-01 3.091543e+00  5.643201770707003107e+01  5.910693261711967494e+01  9.833163186574864767e+01  1.257408619206683227e+02 2.000000
92 921 2.261121e-01 3.077801e+00  5.643201770707003107e+01  6.668543726223829538e+01  9.245229672714708613e+01  1.436147372109806213e+02 2.000000
93 931 2.078958e-01 3.063714e+00  5.643201770707003107e+01  6.578879648105095157e+01  1.004888095973336704e+02  1.427752276602278414e+02 2.000000
94 941 1.879889e-01 3.019735e+00  5.643201770707003107e+01  6.338540400861253232e+01  8.971840350512448481e+01  1.119517962258370147e+02 2.000000
95 951 1.865866e-01 3.053552e+00  5.643201770707003107e+01  6.531873348295209780e+01  9.830914364517511217e+01  1.179821913861078428e+02 2.000000
96 961 1.869980e-01 3.078490e+00  5.643201770707003107e+01  7.334101987175735360e+01  8.746646223378974128e+01  1.036859461244300036e+02 2.000000
97 971 1.777122e-01 3.074859e+00  5.643201770707003107e+01  7.013720795223632365e+01  8.052871972527532307e+01  1.122525806392164895e+02 2.000000
98 981 1.674384e-01 3.087610e+00  5.643201770707003107e+01  6.491184798743080364e+01  8.976610481571557898e+01  9.705437550999361918e+01 2.000000
99 991 1.592514e-01 3.069058e+00  5.643201770707003107e+01  6.816706279947122482e+01  8.682186142403011786e+01  1.214721526472093558e+02 2.000000
100 1001 1.585563e-01 3.004976e+00  5.643201770707003107e+01  5.999098171193507767e+01  7.676275770365568007e+01  9.335673545301450815e+01 2.000000
101 1011 1.650931e-01 2.914778e+00  4.307936551476122133e+01  4.307936551476122133e+01  7.995366867850449921e+01  1.019505819785202192e+02 2.000000
102 1021 1.551270e-01 2.890166e+00  4.307936551476122133e+01  4.685890989951236918e+01  7.637829250693499716e+01  1.157995195131819202e+02 2.000000
103 1031 1.394895e-01 2.882297e+00  4.307936551476122133e+01  4.393252103312599388e+01  7.053365228719638935e+01  8.252474439875177836e+01 2.000000
104 1041 1.272114e-01 2.881349e+00  4.307936551476122133e+01  5.436174181567623975e+01  6.963344082904873744e+01  1.005103017841508546e+02 2.000000
105 1051 1.243917e-01 2.847835e+00  4.307936551476122133e+01  5.177165400516307159e+01  7.271731719665160654e+01  9.175272990502941184e+01 2.000000
106 1061 1.258726e-01 2.914337e+00  4.307936551476122133e+01  5.701778481243224661e+01  6.492485072015719538e+01  9.129610755422368129e+01 2.000000
107 1071 1.312718e-01 2.932438e+00  3.760798973846969062e+01  3.760798973846969062e+01  5.380312400951827101e+01  8.649975367004034865e+01 2.000000
108 1081 1.287809e-01 2.951194e+00  3.760798973846969062e+01  4.501073392178298604e+01  5.870024613314099327e+01  7.829531571836353976e+01 2.000000
109 1091 1.201254e-01 2.950318e+00  2.800366021782109982e+01  2.800366021782109982e+01  5.114322311540210819e+01  8.065585899732863595e+01 2.000000
110 1101 1.126532e-01 2.930628e+00  2.800366021782109982e+01  3.197034920799312374e+01  4.328005879099823972e+01  6.872667206538206131e+01 2.000000
111 1111 1.053075e-01 2.923802e+00  2.508596672824062068e+01  2.508596672824062068e+01  4.529660279295639924e+01  5.973219713550834342e+01 2.000000
112 1121 8.900809e-02 2.914367e+00  2.508596672824062068e+01  3.007830055981774109e+01  4.407697162482090647e+01  6.053557188992532190e+01 2.000000
113 1131 8.125991e-02 2.937462e+00  2.508596672824062068e+01  2.798329628110447231e+01  3.990358109180029089e+01  5.403497401123541977e+01 2.000000
114 1141 7.381145e-02 2.934326e+00  2.508596672824062068e+01  3.020920649457785245e+01  3.431197803811168257e+01  3.813524905448243629e+01 2.000000
115 1151 7.236838e-02 2.934306e+00  2.508596672824062068e+01  3.108041275019064997e+01  3.727373098266055251e+01  4.771567525250230801e+01 2.000000
116 1161 6.707832e-02 2.945067e+00  2.508596672824062068e+01  2.599920026268938500e+01  3.733721288787570813e+01  5.392245416913950606e+01 2.000000
117 1171 6.055314e-02 2.904718e+00  2.446017155763743034e+01  2.446017155763743034e+01  3.299704319118873741e+01  4.177658973437324619e+01 2.000000
118 1181 6.168985e-02 2.883122e+00  2.258462305743143261e+01  2.258462305743143261e+01  2.927267844690542375e+01  4.015420732856690478e+01 2.000000
119 1191 5.694039e-02 2.871422e+00  2.258007299347610086e+01  2.258007299347610086e+01  2.922776308815863189e+01  3.446761938793067515e+01 2.000000
120 1201 4.884632e-02 2.878784e+00  2.257354499235575318e+01  2.257354499235575318e+01  2.721491765774495519e+01  3.109982717184607992e+01 2.000000
121 1211 4.479934e-02 2.794448e+00  2.222050811828564676e+01  2.222050811828564676e+01  2.585804439980854852e+01  3.487103536739670773e+01 2.000000
123 1231 4.327430e-02 2.772006e+00  2.028776227416004119e+01  2.028776227416004119e+01  2.236389590852684250e+01  2.782249837453260000e+01 2.000000
126 1261 4.332687e-02 2.669163e+00  2.013219744513818910e+01  2.100973339386482408e+01  2.389244230604427344e+01  2.648897411485058484e+01 2.000000
130 1301 3.093171e-02 2.655626e+00  1.874774353647916669e+01  1.874774353647916669e+01  2.020843655794910632e+01  2.181291398379284985e+01 2.000000
135 1351 2.167832e-02 2.599755e+00  1.829082735088381639e+01  1.829082735088381639e+01  1.884899526182033469e+01  2.007591324455222903e+01 2.000000
141 1411 1.641735e-02 2.440637e+00  1.819456045636445296e+01  1.819456045636445296e+01  1.838743362341036658e+01  1.857150994802424648e+01 2.000000
148 1481 1.147183e-02 2.384433e+00  1.798836077151088375e+01  1.799411614087901867e+01  1.813525358750559491e+01  1.818989276134197652e+01 2.000000
156 1561 7.532182e-03 2.218255e+00  1.792357210111288168e+01  1.792357210111288168e+01  1.797147081109303457e+01  1.808289979888633070e+01 2.000000
165 1651 4.049609e-03 2.130231e+00  1.792139230750181156e+01  1.792139230750181156e+01  1.792971287436695604e+01  1.794078296633579939e+01 2.000000
174 1741 2.047276e-03 2.114944e+00  1.791168586896874615e+01  1.791168586896874615e+01  1.791504118523466360e+01  1.791869333532838837e+01 2.000000
183 1831 1.088120e-03 2.087227e+00  1.790948421564242921e+01  1.790948421564242921e+01  1.791028723581746007e+01  1.791133794720392558e+01 2.000000
192 1921 5.638583e-04 2.165697e+00  1.790931549632968967e+01  1.790931549632968967e+01  1.790944864952475513e+01  1.790982741935780354e+01 2.000000
201 2011 3.357238e-04 2.400937e+00  1.790927196476476624e+01  1.790927196476476624e+01  1.790932745533643100e+01  1.790936604808296195e+01 2.000000
210 2101 1.593065e-04 2.380107e+00  1.790922931535387619e+01  1.790923261410706502e+01  1.790923905691429496e+01  1.790924185078662845e+01 2.000000
220 2201 9.074287e-05 2.489596e+00  1.790922473660926073e+01  1.790922494785658259e+01  1.790922622975028844e+01  1.790923228621335284e+01 2.000000
230 2301 5.317470e-05 2.479740e+00  1.790922307103394928e+01  1.790922307103394928e+01  1.790922407334645072e+01  1.790922485347702775e+01 2.000000
240 2401 2.695722e-05 2.578208e+00  1.790922277744108015e+01  1.790922277744108015e+01  1.790922302746001549e+01  1.790922338243929346e+01 2.000000
250 2501 1.286888e-05 2.607671e+00  1.790922270176359632e+01  1.790922270176359632e+01  1.790922276139708202e+01  1.790922283256792724e+01 2.000000
260 2601 7.128962e-06 2.683364e+00  1.790922268505486414e+01  1.790922269144598999e+01  1.790922269218619078e+01  1.790922270884028578e+01 2.000000
270 2701 3.614105e-06 2.571898e+00  1.790922268072205981e+01  1.790922268072205981e+01  1.790922268251443583e+01  1.790922268562861674e+01 2.000000
280 2801 1.350351e-06 2.779304e+00  1.790922267988484506e+01  1.790922267999081896e+01  1.790922268011863849e+01  1.790922268043226850e+01 2.000000
290 2901 6.989099e-07 2.824644e+00  1.790922267971773252e+01  1.790922267973071769e+01  1.790922267977771298e+01  1.790922267982774585e+01 2.000000
300 3001 3.299299e-07 2.776400e+00  1.790922267970072923e+01  1.790922267970239545e+01  1.790922267971249227e+01  1.790922267972571191e+01 2.000000
310 3101 2.444850e-07 2.807455e+00  1.790922267969023096e+01  1.790922267969023096e+01  1.790922267969497739e+01  1.790922267970190518e+01 2.000000
320 3201 1.172014e-07 2.739268e+00  1.790922267968892356e+01  1.790922267968937831e+01  1.790922267969028780e+01  1.790922267969123993e+01 2.000000
330 3301 5.308410e-08 2.581030e+00  1.790922267968862513e+01  1.790922267968862513e+01  1.790922267968876014e+01  1.790922267968921133e+01 2.000000
340 3401 2.055116e-08 2.712221e+00  1.790922267968847947e+01  1.790922267968848658e+01  1.790922267968851855e+01  1.790922267968857184e+01 2.000000
350 3501 1.482707e-08 2.658136e+00  1.790922267968847592e+01  1.790922267968847947e+01  1.790922267968849013e+01  1.790922267968850790e+01 2.000000
356 3561 1.247872e-08 2.786646e+00  1.790922267968847592e+01  1.790922267968847947e+01  1.790922267968849724e+01  1.790922267968851500e+01 2.000000
